00000010011100010010010001000000000000101000101101011110000000000000001010100000110011000100000010000000111110101101000100000000
00000000000000110111101101000000000000001011111100111001000000000000000000100010010001000100000000000000011001110000101101000000
00000000100000101000011000000000000000101110100100111010010000000000001010111011111010010100000000000010001011001011111101000000
00000000001101110011010001000000000000001010110000011110000000000000000010100001111010000000000000000010111101101011001100000000
00000000000010101000100100000000000000001011110001101011010000000000000001101110000001100000000000000010110101100011000001000000
00000000100000101000001000000000000000101100111110101000010000000000001010110000010011110100000000000010010101001010001101000000
00000000010100000111010001000000000000001000111010111110010000000000000011000110010011000000000000000000100111011000000101000000
00000000000010100000101000000000000000001001101100101000000000000000000010001010011000010000000000000000110101111011101000000000
00000000000001010110001000000000000000100100111010001010010000000000001000110001011011000000000000000010100101010111111001000000
00000000000100110011000000000000000000000000110100011010000000000000000000000100111110000000000000000010111101101110001101000000
00000000000011010110100101000000000000000011101100001010000000000000000001111010000000100000000000000000011100110111111000000000
00000000000101101100011100000000000000101110100100001101010000000000001000000001110010100000000000000010011110101100011001000000
00000000010000010111100000000000000000101000100010010011010000000000000001101000011001100000000000000010110100000010110101000000
00000000000010001100101000000000000000101101111001101001010000000000001000011100001000100100000000000010111101000111000101000000
00000000010000001010000001000000000000001110100111101011010000000000000011110000010011000000000000000000111011101001110101000000
00000000000100000011011101000000000000100010011011001000000000000000000000100110001010010100000000000000001101111111000101000000
00000000100001010001011000000000000000101110111011111000010000000000000010110111000010100100000010000010011001010100001100000001
00000000000000000011100100000000100000001011011101001011000000001000000011100010011001100000000000000000001001000101011000000000
10000000000010001001000000000000000000001001110001111010010000000000000010011100000000000100000100000000111111100110101100000001
00000000100000010111001000000000000000101100111001100010010000000000001010111001000011000100000010000010000010010100011100000000
00000000000000001110111100000000000000001010000100000101000000000000001000000001101100010000000010000010011000001011001001000001
00000000010101110010000000000000100000001010011101111000010000001000000011100110000010100000000000000010101111110011010101000001
10000000100000010111101001000000000000101101111100011000010000000000000010001100111110100000000100000000011011101101001101000001
10000000000011010011000101000001100000001000011011010011000000000000000001101111000111100000000110000000100011110111110001000000
00000010000001000101000001000000000000001000111101001010000000000000000010001010010000000100000010000010110111001000101101000000
00000010100010001001111001000001000000101101111001101110000000010000000010011100000010000100000000000000001101100111101101000001
00000000000100010110101100000001100000101000111001100001010000011000000000111010110001000100000100000010010000111100101101000001
00000000000010001110100001000001100000101111000100000010010000011000000010110001101111000000000000000000110100001111101000000001
10000000101101010001010100000001100000000110100100011011010000000000000011101000000010000000000100000010011100110000001101000000
00000000010011010011110101000001100000101011101100001000010000000000000010110000110110100000000110000010011110001010010100000001
00000000000000010011001001000000000000000110110011001000000000000000000000111101001001100000000010000000111011110110101000000000
00000000001101000110010000000000000000101000111101001110010000011000001011101000000111100000000000000010001111010111001101000000
00000000011100000110110100000000100000101000010110011110010000011000001010111101001111100100000010001010011110011010000100010001
00000000100001010101000100000000100000000011101001100011010000010000000011111100100011000100000010000000001111010101001100000001
00000000000010010010111100000000100000001111000011010011000000011000000001111001000100100000000110000000111110110100010000000001
00000000111100010010110000000001000000100000011100111110010000011000001000111000110100110000000100000010011110100111000101000000
00000000000000010001001000000000000000101111100100100010010000000000000010111000000011100100000010000010000011110011000100000001
00000010010010001100000001000000000000000000110100000000010000000000000000111001100111100000000010000000100010010000001000000000
00000000000001011101110100000000000000001100001011101100000000010000001011010101100000000000000010000000000111001101110101000001
00000000100001010000001101000000000000100100010001010001000000000000000011001000001100100100000100000010010000100100001100000000
00000010010001001001001100000000000000101000111000000001000000010000001001111000010011010000000010000000000011100001111000000001
00000010110010000010000001000000000000000000110100010000010000000000001000001100001100010100000010000000001110111010000100000000
00000000000001010100001001000001000000101011000010110000000000000000000010111101001100000100000000000010011101010011111100000000
00000010000000010111111001000001100000000011111101001100000000010000001000001100101010000100000000000000110010001110111000000001
00000000000011010010000101000000000000001000010101000010000000010000000011111000001111100100000010000000000010110100110101000001
00000000100000001010001100000000100000100100111100100001010000011000001010001001111100100100000110000010011110001100001101000001
00000000010001010001000101000000100000001010100000000001010000011000000010101000101101000000000010000000001010100011010001000001
00000000100010001101111000000000100000000011010000001000000000010000000000110100000010010000000110000000011000000001001100000001
00000000000011001000110000000000000000000011010110000010000000000000001001111000000100100000000010001010101111100000000001000001
00000000000001001001001000000000000000001111111000000010010100010000000010111000111011100001000110001010001110000001111101010001
00000000111001000100010001000001100010100000000110110110010100010000100000001101000100110001000000000000010101011001010101010000
00000000000000001000010101000001000010001010110110000011000100000000000001111000000011100000000000001000001010100011111100010000
00000001100000000000101110000000000010000111001110111111000100000000100010101000010110100000000010001010011001011110010110010000
00000000010000001110000110000000100000011011010110110110010000011000000110110000000001101100000010001001010110000011110110000001
00000001000000001011000010000001100000000010100000010110100100010000001101000000000000100001000100001011110100111001010001010000
00000000000001000011001011000000100010111110001000100110010100010000101110110101111011100101000010000010010010111011111010010001
00000000110000001110010001010001100000000000010110000010100000010000000000001100001100111100000000000001010001001001010111010000
00000000000001010001100110000001000000111000100010011011110000000000001101000100101010100000000000001011111100110000101011000000
00001000100001001000001101010000000010110110101110100011110100000000100011011001111110000001000010000001000000110111010110010000
00000000001000000110000100010000100010111111110010000010110000011000000110111101001011000001000010001011010010001010011111000001
00000001000111100101110011000001100010100110011000010110110100010000000101010000110000000001000000001001111101101101001000010000
00000000010001000101100011000000100000011011111010000010000000010000000110011010011100100000000010001010010110111001000010000001
00000000101001001000000000000001100010100011001111110010110100010000101001110111100111111000000000001011000111111101010111010000
00001000000100100101111111010001000000111110110001011111110000000000000001010000010010000000000000001001000111100100011110010000
